1	
:1	
2	
3	
4	
5	
6	
7	
8	
9	
10	
:1	
11	
12	
13	
14	
15	
16	
17	
18	
19	
20	
:1	
21	
22	
23	
24	
25	
26	
27	
28	
29	
30	
:1	
31	
32	
33	
34	
35	
36	
37	
38	
39	
40	
:1	
41	
42	
43	
44	
45	
46	
47	
48	
49	
50	
:1	
51	
52	
53	
54	
55	
56	
57	
58	
59	
60	
:1	
61	
62	
63	
64	
65	
66	
67	
68	
69	
70	
:1	
71	
72	
73	
74	
75	
76	
77	
78	
79	
80	
81	
:1	
82	
83	
84	
85	
86	
87	
88	
89	
90	
91	
92	
93	
94	
95	
96	
97	
:1	
98	
99	
100	
101	
102-109	
110	
111	
112	
113	
114	
115	
116	
117	
118-128	
129	
130	
131	
132-139	
:1	
140	
141	
142-149	
:1	
150	
151	
152-159	
160	
161	
162-169	
:1	
170	
171	
172	
173	
174	
175-186	
187	
:1	
188	
189	
190	
191	
192	
193	
194	
195	
196	
197	
:1	
198	
199	
200	
201	
202	
203	
204	
205	
206	
207	
208	
:1	
209	
210	
211	
212	
213	
214	
215	
216	
217	
218	
:1	
219	
220	
221	
222	
223	
224	
225	
226	
227	
228	
229	
230	
231	
232	
233	
234	
:1	
235	
236	
237	
238	
239	
240	
241	
242	
243	
244	
245	
246	
247	
:1	
248	
249	
250	
251	
252	
253	
254	
255	
256	
257	
:1	
258	
259	
260	
261	
262	
263	
264	
265	
266	
267	
:1	
:2	
268	
269	
270	
271	
272	
273	
274	
275	
276	
277	
:1	
278	
279	
280	
281-283	
284	
285-286	
:1	
287	
288-289	
290	
291-292	
293	
294-295	
:1	
:2	
296	
297	
:1	
298	
299	
300	
301	
302	
303	
304	
305	
306	
307	
:1	
308	
309	
310	
311	
312	
313	
314	
315	
316	
317	
318	
319	
320	
321	
:1	
322	
323	
:1	
324	
325	
326	
327	
328	
329	
330	
331	
332	
333	
334	
335	
336-338	
339-341	
342-344	
345-347	
348-350	
351-353	
354-356	
357-359	
360-362	
363-365	
:1	
:2	
:3	
366-381	
:1	
:2	
382	
383-389	
390-393	
394-397	
398-401	
402-406	
407-411	
412-418	
419-426	
427-434	
435-442	
443-452	
453-462	
463-472	
473-482	
483-492	
493-562	
:1	
563	
564-570	
571	
572	
573	
574	
575-576	
577-579	
580-583	
584-599	
:1	
600	
601	
602	
603	
604	
605	
606	
607	
608	
609	
610	
611	
:1	
:2	
:3	